L1: 750.000000 mm
L2: 500.000000 mm
L3: 150.000000 mm
LP: 150.000000 mm
m1: 2.500000 kg
m2: 2.000000 kg
m3: 0.500000 kg
mP: 4.000000 kg
